(Transform "BSplineTransform")
(NumberOfParameters 375)
(TransformParameters 0.024770 0.334830 0.145563 -0.174852 -0.016479 -0.287363 -0.682940 0.425074 0.609793 0.162068 0.059846 0.813821 0.875137 -0.318411 -0.011500 0.633647 3.342803 1.219672 -1.619585 -0.370411 0.026768 0.081539 0.078673 0.025432 -0.017685 0.230395 1.871161 1.523750 -0.345297 -0.122098 -0.949634 -2.192580 -0.680426 2.967945 1.108423 -2.439357 2.245900 5.033292 -5.216710 1.059584 1.112355 -4.096839 0.084127 -1.142948 -1.615103 -0.000100 -3.907920 -3.748464 0.280259 -0.187364 0.534271 2.617794 2.660468 -0.066266 -0.314795 -1.917249 -2.561098 -10.035719 5.561777 3.336496 -10.710265 5.504896 8.479299 -4.829669 3.056484 1.811716 -1.363394 8.560386 -4.224425 -7.143879 -0.003836 -9.965617 -9.579773 1.153805 -0.493759 0.330093 2.903561 1.739143 -1.247054 -0.245978 -2.144861 -3.575749 -0.313164 2.729350 1.096986 -1.936958 3.703178 -2.213614 -2.708707 -0.667077 3.430223 2.069843 -2.107240 -1.967693 -4.065713 -0.103996 -4.762950 -2.979220 1.994342 -0.063975 0.051755 0.478786 0.131714 -0.332328 -0.042072 0.616103 4.461029 0.653920 -3.385478 -0.493141 0.790249 3.364066 -1.036744 -3.015789 -0.474952 -0.029002 -2.134265 -1.253941 1.109530 0.089567 -0.029766 -0.272761 0.001271 0.243004 0.023097 0.015683 0.121669 -0.221520 -0.030552 0.006407 -0.217900 0.270895 1.491269 0.234026 -0.090324 -1.178054 -4.061634 1.498002 -1.770906 -0.659128 -0.714530 -3.327431 -0.313749 -1.111365 -0.452430 -0.022363 0.009744 0.527088 0.386767 -0.003747 -0.070117 -4.076187 -12.409358 -4.674604 -0.120030 -1.527991 -6.117202 -1.101819 -7.693530 -1.649503 -7.446509 -6.481423 44.382508 2.017875 -4.318534 -5.570373 -9.920874 -10.166765 -13.573499 -3.623763 -0.025198 5.483177 8.607894 3.838171 -0.030060 -0.228323 -11.937145 -31.268578 -11.390804 -0.226840 -0.467676 -10.130411 -7.640981 -17.182781 -3.586240 -9.343816 3.274181 103.426979 8.772890 -11.498243 -10.262417 -18.913149 -24.645401 -24.690145 -8.716133 0.001925 14.122673 19.854444 7.669487 -0.073061 0.011387 -3.537666 -11.983710 -3.699266 0.014580 -1.522265 -6.926144 0.278410 -8.219955 -1.978320 -6.725218 -7.447046 45.688382 -6.480088 -7.689382 -3.485211 -4.976880 -11.991365 -5.854530 -4.020299 0.097465 3.988584 4.960020 3.977732 0.078549 0.026354 0.076976 -0.364420 0.038160 0.024039 0.209370 2.159517 2.781078 1.815723 0.173501 0.123057 2.953085 4.197501 1.719117 -0.006793 0.130280 -0.116610 -3.910301 -0.012758 0.015815 0.013491 -0.284498 -0.731223 0.116353 0.018133 -0.001801 -0.021153 -0.033139 0.002763 0.002153 -0.051845 -0.602148 -1.037255 0.222405 0.103903 -0.039583 0.412477 0.567287 1.126544 0.235254 -0.023291 0.193622 -0.072744 0.098947 0.053815 -0.002759 -0.051887 -0.141719 -0.044004 -0.000060 -0.023701 -0.398203 -0.885275 -0.254145 0.006161 -0.886316 -14.854510 -32.460392 -8.781634 0.485088 -1.382525 -15.985746 -44.443538 -14.382705 1.056703 -0.332686 -2.342763 -18.705190 -7.924215 0.185484 -0.008692 -0.509433 -2.254022 -0.746084 0.001594 0.012611 -0.066670 -0.509898 0.067051 0.042179 -1.539714 -10.726568 -18.703134 -4.733483 0.130147 -3.251089 -5.417400 -9.197136 -5.987085 -0.490742 -0.521495 1.260988 -12.044027 -7.112440 -0.234516 0.029635 -0.234037 -1.921620 -0.419894 0.046819 0.152587 1.352637 1.796031 1.472854 0.168382 0.987436 20.916873 37.190756 21.344801 1.564981 1.463404 46.258589 77.319178 38.501280 2.132118 1.065669 17.998596 24.966889 13.551224 1.272839 0.107799 1.101953 1.915163 1.410151 0.168145 0.029218 0.235858 0.286546 0.250060 0.030601 0.257920 2.794162 3.883142 2.637510 0.269750 0.388579 4.993328 6.092371 3.719155 0.369490 0.229255 2.502982 2.914987 1.998766 0.260444 0.022246 0.229937 0.374027 0.268417 0.031869)
(InitialTransformParametersFileName "NoInitialTransform")
(UseBinaryFormatForTransformationParameters "false")
(HowToCombineTransforms "Compose")

// Image specific
(FixedImageDimension 3)
(MovingImageDimension 3)
(FixedInternalImagePixelType "float")
(MovingInternalImagePixelType "float")
(Size 512 512 121)
(Index 0 0 0)
(Spacing 0.6200000048 0.6200000048 2.5000000000)
(Origin 0.0000000000 0.0000000000 0.0000000000)
(Direction 1.0000000000 0.0000000000 0.0000000000 0.0000000000 1.0000000000 0.0000000000 0.0000000000 0.0000000000 -1.0000000000)
(UseDirectionCosines "true")

// BSplineTransform specific
(GridSize 5 5 5)
(GridIndex 0 0 0)
(GridSpacing 158.7200012207 158.7200012207 160.0000000000)
(GridOrigin -159.0300012231 -159.0300012231 170.0000000000)
(GridDirection 1.0000000000 0.0000000000 0.0000000000 0.0000000000 1.0000000000 0.0000000000 0.0000000000 0.0000000000 -1.0000000000)
(BSplineTransformSplineOrder 3)
(UseCyclicTransform "false")

// ResampleInterpolator specific
(ResampleInterpolator "FinalBSplineInterpolator")
(FinalBSplineInterpolationOrder 3)

// Resampler specific
(Resampler "DefaultResampler")
(DefaultPixelValue 0.000000)
(ResultImageFormat "nii.gz")
(ResultImagePixelType "float")
(CompressResultImage "false")
